## htsjdk.samtools.metrics.StringHeader
# CollectMultipleMetrics --INPUT MmES_bioGFP_r1.mLb.clN.sorted.bam --OUTPUT MmES_bioGFP_r1.mLb.clN.sorted.CollectMultipleMetrics --TMP_DIR tmp --VALIDATION_STRINGENCY LENIENT --REFERENCE_SEQUENCE genome.fa --ASSUME_SORTED true --STOP_AFTER 0 --METRIC_ACCUMULATION_LEVEL ALL_READS --PROGRAM CollectAlignmentSummaryMetrics --PROGRAM CollectBaseDistributionByCycle --PROGRAM CollectInsertSizeMetrics --PROGRAM MeanQualityByCycle --PROGRAM QualityScoreDistribution --INCLUDE_UNPAIRED false --VERBOSITY INFO --QUIET false --COMPRESSION_LEVEL 5 --MAX_RECORDS_IN_RAM 500000 --CREATE_INDEX false --CREATE_MD5_FILE false --GA4GH_CLIENT_SECRETS client_secrets.json --help false --version false --showHidden false --USE_JDK_DEFLATER false --USE_JDK_INFLATER false
## htsjdk.samtools.metrics.StringHeader
# Started on: Sat May 06 17:48:54 GMT 2023

## METRICS CLASS	picard.analysis.BaseDistributionByCycleMetrics
READ_END	CYCLE	PCT_A	PCT_C	PCT_G	PCT_T	PCT_N
1	1	26.138622	23.857942	23.845964	26.12889	0.028583
1	2	27.714109	22.285922	22.27363	27.72634	0
1	3	27.935603	22.047224	22.054999	27.958228	0.003946
1	4	27.909852	22.092152	22.082987	27.914684	0.000326
1	5	28.035955	21.9445	21.946166	28.073379	0
1	6	27.600564	22.387067	22.388714	27.6021	0.021555
1	7	27.903273	22.090696	22.092837	27.913194	0
1	8	27.785298	22.189736	22.202329	27.822637	0
1	9	27.741619	22.259825	22.25803	27.740527	0
1	10	27.665616	22.330082	22.312005	27.692297	0
1	11	27.713025	22.294193	22.26877	27.724012	0
1	12	27.664104	22.330246	22.323662	27.681989	0
1	13	27.709058	22.282077	22.281439	27.727426	0
1	14	27.683399	22.300652	22.304246	27.711703	0
1	15	27.68007	22.301121	22.301916	27.716893	0
1	16	27.658739	22.34739	22.344611	27.64926	0
1	17	27.647164	22.346121	22.34709	27.659625	0
1	18	27.614602	22.368934	22.363168	27.653297	0
1	19	27.6283	22.364569	22.366143	27.640988	0
1	20	27.60861	22.388883	22.387759	27.614748	0
1	21	27.6119	22.383839	22.382955	27.621306	0
1	22	27.61701	22.381228	22.371235	27.630528	0
1	23	27.666511	22.333029	22.338538	27.661921	0
1	24	27.627901	22.371579	22.344461	27.65606	0
1	25	27.646913	22.351026	22.331695	27.670366	0
1	26	27.654133	22.332392	22.341201	27.672275	0
1	27	27.644676	22.342529	22.359382	27.653413	0
1	28	27.62121	22.374303	22.380602	27.623853	0.000032
1	29	27.596462	22.403316	22.386361	27.613861	0
1	30	27.572654	22.417793	22.414811	27.594742	0
1	31	27.576513	22.422779	22.420205	27.579716	0.000786
1	32	27.580786	22.424216	22.407133	27.586894	0.000971
1	33	27.58887	22.417787	22.401515	27.590657	0.001171
1	34	27.588503	22.412969	22.410681	27.587731	0.000116
1	35	27.622053	22.372716	22.395014	27.609894	0.000324
1	36	27.608617	22.388046	22.390115	27.612808	0.000415
1	37	27.602679	22.394402	22.383048	27.6189	0.000972
1	38	27.601761	22.390503	22.387342	27.618947	0.001447
1	39	27.593808	22.410853	22.40833	27.586554	0.000454
1	40	27.576997	22.414046	22.421482	27.586364	0.001111
1	41	27.584684	22.403911	22.405181	27.605166	0.001057
1	42	27.589886	22.409626	22.400942	27.598597	0.000948
1	43	27.593585	22.397054	22.398575	27.609726	0.00106
1	44	27.613749	22.393579	22.377942	27.61425	0.00048
1	45	27.615228	22.385091	22.379029	27.619987	0.000665
1	46	27.623202	22.373886	22.366129	27.635428	0.001356
1	47	27.627709	22.357442	22.364167	27.64941	0.001271
1	48	27.625341	22.391283	22.363574	27.618706	0.001096
1	49	27.609005	22.376724	22.372796	27.640341	0.001134
1	50	27.609014	22.378132	22.374877	27.637594	0.000382
1	51	27.627004	22.374869	22.368691	27.62865	0.000785
1	52	27.617764	22.378006	22.367629	27.636216	0.000385
1	53	27.650015	22.347588	22.344763	27.657148	0.000485
1	54	27.659061	22.351724	22.34322	27.645009	0.000986
1	55	27.66556	22.334705	22.321214	27.677241	0.001279
1	56	27.688272	22.309676	22.292603	27.709025	0.000424
1	57	27.699511	22.303668	22.294606	27.701423	0.000793
1	58	27.686884	22.309561	22.305077	27.697635	0.000843
1	59	27.679571	22.315258	22.294889	27.709168	0.001114
1	60	27.675339	22.316403	22.30248	27.70483	0.000947
1	61	27.684098	22.31025	22.307494	27.697147	0.001012
1	62	27.689	22.309832	22.285296	27.714494	0.001377
1	63	27.70428	22.296928	22.29017	27.706948	0.001674
1	64	27.704055	22.292002	22.29183	27.708985	0.003128
1	65	27.719421	22.276918	22.259718	27.743379	0.000563
1	66	27.709111	22.288233	22.287102	27.714083	0.001471
1	67	27.631749	22.355782	22.363784	27.647049	0.001635
1	68	27.274508	22.723476	22.721999	27.278424	0.001594
1	69	26.370967	23.610813	23.626189	26.388078	0.003953
1	70	21.262781	28.720823	28.713173	21.303223	0


