## htsjdk.samtools.metrics.StringHeader
# CollectMultipleMetrics --INPUT MmES_RVChIP_062_pv6_Ascl1_DBD_pool.mLb.clN.sorted.bam --OUTPUT MmES_RVChIP_062_pv6_Ascl1_DBD_pool.mLb.clN.sorted.CollectMultipleMetrics --TMP_DIR tmp --VALIDATION_STRINGENCY LENIENT --REFERENCE_SEQUENCE genome.fa --ASSUME_SORTED true --STOP_AFTER 0 --METRIC_ACCUMULATION_LEVEL ALL_READS --PROGRAM CollectAlignmentSummaryMetrics --PROGRAM CollectBaseDistributionByCycle --PROGRAM CollectInsertSizeMetrics --PROGRAM MeanQualityByCycle --PROGRAM QualityScoreDistribution --INCLUDE_UNPAIRED false --VERBOSITY INFO --QUIET false --COMPRESSION_LEVEL 5 --MAX_RECORDS_IN_RAM 500000 --CREATE_INDEX false --CREATE_MD5_FILE false --GA4GH_CLIENT_SECRETS client_secrets.json --help false --version false --showHidden false --USE_JDK_DEFLATER false --USE_JDK_INFLATER false
## htsjdk.samtools.metrics.StringHeader
# Started on: Sat May 06 17:33:32 GMT 2023

## METRICS CLASS	picard.analysis.BaseDistributionByCycleMetrics
READ_END	CYCLE	PCT_A	PCT_C	PCT_G	PCT_T	PCT_N
1	1	24.783249	25.016348	24.965719	24.804297	0.430387
1	2	27.512522	22.488198	22.44866	27.531256	0.019365
1	3	27.232702	22.81063	22.741664	27.213725	0.001278
1	4	27.447349	22.561007	22.536683	27.454912	0.000049
1	5	27.448409	22.566459	22.585912	27.39922	0
1	6	27.054972	22.923123	22.936898	27.084998	0.000008
1	7	27.029597	22.977157	22.933889	27.059356	0
1	8	27.16245	22.862108	22.813057	27.162385	0
1	9	26.980684	23.047037	22.98912	26.983135	0.000024
1	10	26.701042	23.297284	23.285919	26.715756	0
1	11	26.822222	23.203185	23.143198	26.831395	0
1	12	26.741753	23.269563	23.232653	26.75603	0
1	13	26.791039	23.212884	23.197248	26.798829	0
1	14	26.75747	23.258619	23.213272	26.770639	0
1	15	26.756386	23.260617	23.244293	26.738704	0
1	16	26.724014	23.281365	23.236374	26.758247	0
1	17	26.684977	23.296345	23.30695	26.711727	0
1	18	26.641071	23.386747	23.330521	26.641661	0
1	19	26.617556	23.381692	23.369089	26.631663	0
1	20	26.607914	23.399147	23.386577	26.606345	0.000016
1	21	26.61957	23.390314	23.36697	26.623146	0
1	22	26.635967	23.376749	23.371338	26.615946	0
1	23	26.678013	23.3555	23.306821	26.659667	0
1	24	26.666793	23.356931	23.334517	26.641758	0
1	25	26.661398	23.360393	23.31207	26.666138	0
1	26	26.652541	23.359382	23.327852	26.660225	0
1	27	26.597002	23.419337	23.365036	26.617419	0.001205
1	28	26.588598	23.430265	23.41484	26.566272	0.000024
1	29	26.566135	23.440336	23.407026	26.586495	0.000008
1	30	26.531862	23.491579	23.448627	26.527713	0.000218
1	31	26.510426	23.502237	23.452563	26.534774	0
1	32	26.543532	23.466069	23.470729	26.51967	0
1	33	26.50886	23.509883	23.460782	26.520362	0.000113
1	34	26.51595	23.489639	23.456999	26.53737	0.00004
1	35	26.523456	23.493318	23.460087	26.52314	0
1	36	26.552186	23.483124	23.42467	26.539858	0.000162
1	37	26.498181	23.496573	23.457671	26.547575	0
1	38	26.52635	23.484187	23.462183	26.52728	0
1	39	26.47609	23.544065	23.490576	26.489269	0
1	40	26.41483	23.582395	23.539551	26.463224	0
1	41	26.445513	23.558714	23.538262	26.45743	0.000081
1	42	26.449261	23.588662	23.534101	26.427975	0
1	43	26.437688	23.575734	23.538162	26.448416	0
1	44	26.445994	23.551425	23.530421	26.47216	0
1	45	26.439937	23.592533	23.525951	26.441579	0
1	46	26.452442	23.573431	23.50382	26.470308	0
1	47	26.406193	23.594216	23.560635	26.438957	0
1	48	26.407853	23.61839	23.561299	26.412458	0
1	49	26.379077	23.635765	23.593141	26.392017	0
1	50	26.353729	23.643544	23.602277	26.40045	0
1	51	26.371999	23.659518	23.59056	26.377243	0.00068
1	52	26.359862	23.657974	23.629539	26.352626	0
1	53	26.355139	23.659897	23.64	26.344964	0
1	54	26.323501	23.65261	23.644701	26.379188	0
1	55	26.335977	23.660842	23.640739	26.362418	0.000024
1	56	26.352756	23.656632	23.608117	26.382495	0
1	57	26.355018	23.668218	23.629212	26.347552	0
1	58	26.36163	23.648209	23.634766	26.355394	0
1	59	26.33598	23.673865	23.623617	26.366506	0.000032
1	60	26.299615	23.722053	23.66557	26.312762	0
1	61	26.301991	23.702355	23.68689	26.308764	0
1	62	26.326609	23.6817	23.692792	26.298866	0.000032
1	63	26.293561	23.715321	23.679544	26.311575	0
1	64	26.332542	23.716966	23.663256	26.287236	0
1	65	26.312308	23.699872	23.651243	26.336577	0
1	66	26.315821	23.705497	23.647383	26.331258	0.000041
1	67	26.329256	23.681691	23.672114	26.316842	0.000097
1	68	26.327018	23.683226	23.65123	26.338405	0.000122
1	69	26.316655	23.702919	23.667915	26.311739	0.000771
1	70	26.33148	23.702346	23.666759	26.289256	0.010159
1	71	26.297554	23.703529	23.681738	26.317138	0.000041
1	72	26.286234	23.726962	23.686901	26.299904	0
1	73	26.272659	23.724438	23.687574	26.315328	0
1	74	26.293579	23.724817	23.699217	26.282387	0
1	75	26.29247	23.7069	23.672673	26.327501	0.000455
1	76	26.304358	23.704601	23.685934	26.305106	0
1	77	26.295648	23.734503	23.676884	26.292966	0
1	78	26.266126	23.73644	23.725267	26.272168	0
1	79	26.275251	23.720389	23.712905	26.291455	0
1	80	26.263599	23.756371	23.725147	26.254883	0
1	81	26.280088	23.735436	23.701995	26.282441	0.000041
1	82	26.29269	23.713072	23.694561	26.299678	0
1	83	26.282384	23.722203	23.695765	26.299648	0
1	84	26.296906	23.72504	23.668718	26.309336	0
1	85	26.287207	23.691444	23.676814	26.344478	0.000057
1	86	26.343516	23.698885	23.623987	26.333342	0.000269
1	87	26.307415	23.68283	23.667066	26.342689	0
1	88	26.315121	23.68831	23.659199	26.33737	0
1	89	26.320566	23.672777	23.666026	26.340582	0.000049
1	90	26.315301	23.699833	23.681742	26.303124	0
1	91	26.289643	23.71627	23.68274	26.305945	0.005401
1	92	26.341099	23.66551	23.652979	26.328241	0.012171
1	93	26.347417	23.679284	23.627398	26.345901	0
1	94	26.340256	23.657533	23.651036	26.351175	0
1	95	26.366703	23.627672	23.622557	26.383027	0.000041
1	96	26.353156	23.654348	23.598547	26.38822	0.005729
1	97	26.358166	23.63565	23.618412	26.387771	0
1	98	26.356705	23.609068	23.623945	26.409515	0.000766
1	99	26.376176	23.607828	23.62617	26.389793	0.000033
1	100	26.356792	23.645723	23.614845	26.38264	0
1	101	26.366322	23.633343	23.604266	26.396069	0
1	102	26.379475	23.637865	23.595765	26.386896	0
1	103	26.400623	23.602015	23.589007	26.408355	0
1	104	26.390389	23.610521	23.576173	26.422876	0.000042
1	105	26.433599	23.596917	23.531397	26.438062	0.000025
1	106	26.42818	23.575199	23.54211	26.453777	0.000734
1	107	26.431282	23.553165	23.541359	26.474194	0
1	108	26.451385	23.546624	23.507366	26.490937	0.003688
1	109	26.415934	23.567991	23.522934	26.490292	0.002849
1	110	26.437014	23.571577	23.5247	26.46515	0.001559
1	111	26.43625	23.577979	23.533952	26.450382	0.001437
1	112	26.436498	23.582534	23.521761	26.455374	0.003833
1	113	26.459098	23.56812	23.525036	26.44601	0.001736
1	114	26.472282	23.536807	23.495412	26.495294	0.000205
1	115	26.509353	23.512527	23.466031	26.512089	0
1	116	26.500804	23.488013	23.456929	26.554254	0
1	117	26.522815	23.493673	23.474782	26.50873	0
1	118	26.501854	23.495518	23.465042	26.537586	0
1	119	26.523027	23.490875	23.448245	26.537853	0
1	120	26.520821	23.484855	23.457554	26.53677	0
1	121	26.537324	23.491629	23.437793	26.533244	0.000009
1	122	26.494214	23.487038	23.481615	26.537133	0
1	123	26.438502	23.567361	23.538429	26.455709	0
1	124	25.978695	24.026147	23.998292	25.996083	0.000783
1	125	25.054565	24.966954	24.92777	25.049729	0.000982
1	126	19.161521	30.8558	30.800581	19.182098	0


